-0.005507
-0.034119
-0.097632
-0.174364
-0.193253
-0.259713
-0.279731
-0.264865
-0.304364
-0.263695
-0.278825
-0.271965
-0.280472
-0.325010
-0.292708
-0.298727
-0.294952
-0.257166
-0.267847
-0.291758
-0.287552
-0.320017
-0.262522
-0.282857
-0.287155
-0.272751
-0.292010
-0.278304
-0.284572
-0.281348
-0.253758
-0.288755
-0.232933
-0.179488
0.302669
0.268246
-0.624121
-0.527786
-0.543967
-0.473009
-0.414051
-0.456482
-0.351630
-0.256721
-0.265937
-0.252943
-0.290325
-0.255880
-0.238240
-0.247018
-0.216699
-0.210929
-0.207649
-0.142852
-0.126318
-0.037743
-0.007526
0.020922
0.041521
0.014155
-0.061584
-0.121755
-0.182669
-0.198108
-0.247062
-0.242857
-0.275846
-0.301680
-0.260764
-0.031474
0.007433
-0.003358
0.001776
-0.000943
0.000431
-0.000085
-0.000164
0.000351
-0.000496
0.000611
-0.000704
0.000781
-0.000844
0.000898
-0.000943
0.000981
-0.001014
0.001042
-0.001066
0.001087
-0.001105
0.001120
-0.001133
0.001145
-0.001154
0.001162
-0.001169
0.001174
-0.001178
0.001181
-0.001184
0.001185
-0.001186
0.001186
-0.001185
0.001184
-0.001183
0.001180
-0.001178
0.001175
-0.001172
0.001168
-0.001165
0.001161
-0.001157
0.001154
-0.001152
0.001150
-0.001149
0.001151
-0.001156
0.001165
-0.001182
0.001211
-0.001262
0.001352
-0.001535
0.002015